202010000  53   0 0 0   0 233   0   0
9 72724 3 175 16788 0  91 225   0   0
9 72812 1 208 13832 0   0 241   0   0
9 72824 2 136 12210 0   0 220   0   0
9 72912 7 186 11665 0   0 226   0   0
9 72924 4 125 11588 0  80 209   0   0
9 73012 7 163  9954 0   0 216   0   0
9 73024 4 120 10565 0   4 198   0   0
9 73112 3 162 13488 0  30 199   0   0
9 73124 2 157 15265 0  30 193   0   0
9 8 112 7 252 13810 0   0 214   0   0
9 8 124 1 181 17688 0  40 210   0   0
9 8 212 8 200 13988 0 100 212   0   0
9 8 224 3 151 13010 0   0 199   0   0
9 8 312 9 214 10721 0  10 214   0   0
9 8 324 3 160 14888 0  10 206   0   0
9 8 412 7 187 15488 0  30 208   0   0
9 8 424 3 159 14188 0  20 201   0   0
9 8 512 2 227 15021 0  70 221   0   0
9 8 524 1 156 15043 0  90 210   0   0
9 8 612 6 168 15188 0  40 209   0   0
9 8 624 6 161 13688 0  20 201   0   0
9 8 71211 182 11165 0 140 204   0   0
9 8 724 3 143 13254 0   0 194   0   0
9 8 812 5 191 15088 0   0 198   0   0
9 8 824 2 127 12110 0   0 185   0   0
9 8 912 4 196 13188 0   0 190   0   0
9 8 924 1 117 10010 0   0 176   0   0
9 81012 3 204  8221 0   0 194   0   0
9 81024 1 138 11721 0   0 183   0   0
9 81112 4 200 11865 0   0 194   0   0
9 81124 5 152 11510 0   0 183   0   0
9 81212 8 229 11732 0   0 199   0   0
9 81224 5 170 10710 0   0 190   0   0
9 81312 3 197 16788 0   0 195   0   0
9 81324 1 180 16465 0   0 192   0   0
9 81412 3 242 17454 0   0 207   0   0
9 81424 2 176 16910 0   0 201   0   0
9 81512 6 276 16910 0   0 221   0   0
9 81524 5 178 14188 0  10 213   0   0
9 81612 5 213 14255 0   0 224   0   0
9 81624 1 173 15388 0   0 217   0   0
9 81712 6 252 14388 0   0 221   0   0
9 81724 4 201 15188 0   0 217   0   0
9 81812 5 294 17010 0   0 236   0   0
9 81824 1 200 17310 0   0 228   0   0
9 81912 5 302 19810 0   0 248   0   0
9 81924 3 208 17788 0   1 241   0   0
9 82012 5 220 18521 0   0 253   0   0
9 82024 1 175 17488 0   0 242   0   0
9 82112 4 250 17265 0   0 251   0   0
9 82124 4 171 15510 0   1 235   0   0
9 82212 7 195 13865 0   0 238   0   0
9 82224 6 172 14765 0   0 225   0   0
9 82312 5 207 12521 0   0 235   0   0
9 82324 2 157 13588 0   0 222   0   0
9 82412 4 225 12965 0   0 230   0   0
9 82424 5 167 15888 0  22 220   0   0
9 82512 6 186 15865 0  50 224   0   0
9 82524 6 159 14588 0 130 213   0   0
9 82612 9 186 15288 0 180 211   0   0
9 82624 3 113 11010 0  10 193   0   0
9 82712 5 196 11621 0   0 205   0   0
9 82724 6 191 12988 0   0 200   0   0
9 82812 7 204 16388 0  21 203   0   0
9 82824 3 144 13010 0   0 191   0   0
9 82912 7 235 13510 0   0 206   0   0
9 82924 4 151 13588 0   7 197   0   0
9 83012 7 199 12465 0   0 203   0   0
9 83024 2 139 13088 0 120 194   0   0
9 83112 9 176  7921 0  70 199   0   0
9 83124 2 109  8865 0   8 183   0   0
9 9 112 4 181  7921 0   2 194   0   0
9 9 124 4 137 10410 0   0 181   0   0
9 9 212 6 188 14188 0   0 184   0   0
9 9 224 4 137 10410 0   0 173   0   0
9 9 312 1 218 14655 0   0 185   0   0
9 9 324 2 152 13988 0   0 181   0   0
9 9 412 5 227 14010 0   0 195   0   0
9 9 424 1 139 13810 0   0 185   0   0
9 9 512 5 181 10865 0   0 190   0   0
9 9 524 3 161 14488 0   0 186   0   0
9 9 612 5 176 10665 0   0 191   0   0
9 9 624 4 121 10610 0   0 177   0   0
9 9 712 6 205 15254 0   0 187   0   0
9 9 724 2 147 13921 0   0 179   0   0
9 9 812 3 229 16821 0   0 193   0   0
9 9 824 2 151 14910 0   0 185   0   0
9 9 912 4 259 14010 0   1 199   0   0
9 9 924 4 169 12832 0   0 192   0   0
9 91012 8 210 15365 0   2 198   0   0
9 91024 4 170 14754 0   0 192   0   0
9 91112 7 177 13088 0  31 192   0   0
9 91124 3 122  9188 0   4 180   0   0
9 91212 8 154  7210 0  57 184   0   0
9 91224 2 119 11488 0 154 175   0   0
9 91312 4 154  8088 0   0 173   0   0
9 91324 5 120  8910 0   0 161   0   0
9 9141210 172 13888 0   1 163   0   0
9 91424 2 136 11388 0   3 160   0   0
9 91512 7 172 10654 0   0 166   0   0
9 91524 3 111  9710 0   0 155   0   0
9 91612 6 175 13588 0   0 158   0   0
9 91624 4 147 11965 0   0 155   0   0
9 91712 6 187 11488 0   0 158   0   0
9 91724 4 128 11421 0   0 151   0   0
9 91812 9 147 10365 0  50 154   0   0
9 91824 3  84  6688 0  10 143   0   0
9 91912 9 110  8154 0  15 144   0   0
9 91924 3  69  6065 0  35 132   0   0
9 92012 5 131 10688 0  19 134   0   0
9 92024 5 119  8588 0   0 130   0   0
9 92112 5 157  9454 0   0 137   0   0
9 92124 3 112  9988 0   5 134   0   0
9 92212 6 150  5910 0  40 140   0   0
9 92224 1  68  6432 0   1 128   0   0
9 92312 4 130  6743 0   0 134   0   0
9 92324 7 101  8588 0  24 129   0   0
9 92412 7 196 16188 0  36 137   0   0
9 92424 7 127  9965 0  47 134   0   0
9 9251210 170  9332 0   1 141   0   0
9 92524 6 125 10788 0  29 138   0   0
9 92612 8 153  9888 0   0 139   0   0
9 92624 5 116 10288 0   0 136   0   0
9 92712 5 138 11065 0   8 140   0   0
9 92724 3  89  8132 0   1 131   0   0
9 9281210 160  8488 0  30 132   0   0
9 92824 5 130 12288 0  24 131   0   0
9 92912 8 143  8121 0   0 136   0   0
9 92924 4 116  6810 0   0 129   0   0
9 93012 9 157  7143 0   0 134   0   0
9 93024 6 126  9988 0   0 131   0   0
910 112 7 164 11588 0   0 135   0   0
910 124 6 141 12988 0  10 134   0   0
910 212 7 169 11488 0   1 138   0   0
910 224 6 133 11188 0   1 136   0   0
910 312 7 127 10865 0  39 138   0   0
910 324 5 104  9354 0  12 131   0   0
910 41210 143  7710 0  38 134   0   0
910 424 6 108  8465 0  30 128   0   0
910 51210 147 10088 0 100 130   0   0
910 524 4  99  9288 0  50 126   0   0
910 612 7 152  9588 0 140 128   0   0
910 624 1  70  6655 0   0 119   0   0
910 712 7 139  6965 0   0 121   0   0
910 724 1  54  5421 0   0 110   0   0
910 812 5 132  6688 0   0 111   0   0
910 824 1  65  5810 0   0 103   0   0
910 912 4 129  4165 0   0 106   0   0
910 924 1  84  6988 0   0 103   0   0
9101012 1 143  5454 0   0 107   0   0
9101024 3  54  4565 0   0  99   0   0
9101112 6 131  6010 0   0 103   0   0
9101124 6  99  9188 0   1 102   0   0
9101212 9 129 11788 0  70 107   0   0
9101224 5  82  7188 0  29 103   0   0
9101312 6 105  9588 0  20 104   0   0
9101324 6  78  6721 0  80  97   0   0
9101412 7 101  7188 0 100  98   0   0
9101424 4  87  8188 0  40  96   0   0
9101512 7 129  5588 0  43  98   0   0
9101524 7 104  7888 0  10  97   0   0
910161210 135  8465 0   2 102   0   0
9101624 4  85  6954 0   0  98   0   0
9101712 8 137 11088 0  10 102   0   0
9101724 3 130 12088 0   3 103   0   0
9101812 4 154 13688 0  37 108   0   0
9101824 3 135 13088 0  50 109   0   0
9101912 5 196 13021 0  41 117   0   0
9101924 4 157 13288 0   0 119   0   0
9102012 4 149 12288 0   5 122   0   0
9102024 4 128 12088 0   4 121   0   0
9102112 7 126 11888 0  16 123   0   0
9102124 2 133 13288 0   0 123   0   0
9102212 1 187 14721 0   0 127   0   0
9102224 2 147 13888 0   0 128   0   0
9102312 3 166 13288 0   0 131   0   0
9102324 2 113 10565 0   0 127   0   0
9102412 3 140 12388 0   4 129   0   0
9102424 4 112 10288 0   0 126   0   0
9102512 4 130  7765 0   0 127   0   0
9102524 6  83  5588 0   0 119   0   0
9102612 6  67 -2088 0   0 109   0   0
9102624 3  27   365 0   0  94   0   0
9102712 6  78  -543 0   0  91   0   0
9102724 2   7  -510 0   0  75   0   0
9102812 7  90  2921 0   0  76   0   0
9102824 7  75  3188 0   1  74   0   0
9102912 8  90  7588 0  38  76   0   0
9102924 1  83  7488 0 120  76   0   0
9103012 5  92  5488 0  33  77   0   0
9103024 5  52  3710 0   0  70   0   0
9103112 9 116  6810 0   0  75   0   0
9103124 7  71  3665 0   0  71   0   0
911 112 8 100  7788 0   6  75   0   0
911 124 6  71  5588 0  10  73   0   0
911 21210  83  4365 0  12  73   0   0
911 224 5  53  4088 0   8  70   0   0
911 312 6  69  5788 0   7  70   0   0
911 324 3  53  3588 0  22  68   0   0
911 412 5  73  5388 0   0  68   0   0
911 424 7  75  5988 0 119  68   0   0
911 512 3  86  4565 0 130  69   0   0
911 524 3  40  2154 0   2  64   0   0
911 612 9 103  3932 0   1  67   0   0
911 624 7 107 10088 0  80  70   0   0
911 712 8 107  7688 0   1  74   0   0
911 724 7 102  6788 0   0  75   0   0
911 812 9 112  7788 0   1  79   0   0
911 824 4 105  7688 0   0  79   0   0
911 912 5  98  7288 0   0  81   0   0
911 924 5  83  6088 0   0  80   0   0
9111012 5 105  9788 0   8  82   0   0
9111024 5  88  7888 0  51  82   0   0
9111112 5 112  7832 0   0  84   0   0
9111124 4  61  5788 0   0  81   0   0
9111212 5  74  6188 0   0  80   0   0
9111224 6  75  6488 0   0  79   0   0
9111312 6 101  9288 0   1  81   0   0
9111324 3  94  8588 0   0  81   0   0
9111412 4 119  4110 0   0  83   0   0
9111424 1  51  4910 0   0  76   0   0
9111512 3  48  3988 0   0  73   0   0
9111524 3  39  1088 0   0  68   0   0
9111612 4  44  1788 0   0  65   0   0
9111624 3  27  1265 0   0  59   0   0
9111712 6  54  5288 0   0  59   0   0
9111724 1  83  8288 0  10  59   0   0
9111812 1 103  5665 0   0  61   0   0
9111824 1  13  1265 0   0  54   0   0
9111912 4  44  4488 0   0  53   0   0
9111924 5  97  8788 0   0  56   0   0
9112012 7 112  8465 0   0  61   0   0
9112024 4  71  5865 0   0  60   0   0
9112112 7  61  3288 0   0  60   0   0
9112124 9  88  6088 0   5  61   0   0
9112212 6 105  6510 0   0  64   0   0
9112224 9  64  3988 0   0  62   0   0
9112312 4  76  6988 0  30  63   0   0
9112324 2  28  2888 0   0  59   0   0
9112412 2  38  3888 0   0  57   0   0
9112424 7  88  7688 0  13  60   0   0
911251216 100  3588 0   6  63   0   0
9112524 6  72  5021 0   1  60   0   0
9112612 4  84  7188 0   3  62   0   0
9112624 4  73  5188 0   9  61   0   0
9112712 3  81  6188 0   1  62   0   0
9112724 1  31  3088 0   0  59   0   0
9112812 5  85  4865 0   0  60   0   0
9112824 3  29  2165 0   3  55   0   0
9112912 5  68  1465 0   0  55   0   0
9112924 3  -1  -510 0   4  44   0   0
9113012 4  64  2088 0   1  45   0   0
9113024 3  31  2688 0  24  43   0   0
912 112 6  63  3688 0  70  44   0   0
912 124 2  37  2888 0  70  43   0   0
912 212 4  37  2065 0  30  42   0   0
912 224 1  17  1388 0  10  39   0   0
912 312 8  13   888 0  30  36   0   0
912 324 8  63  2365 0   0  36   0   0
912 412 7  61  4388 0  30  38   0   0
912 424 1  13   788 0   1  35   0   0
912 512 6  31  -821 0   1  33   0   0
912 524 5  15 -3265 0  25  28   0   0
912 612 3  24 -1255 0   4  27   0   0
912 624 8   9 -1665 0   1  22   0   0
912 712 6   5  -288 0  60  20   0   0
912 724 2 -10 -2910 0   0  13   0   0
912 812 3   6 -2132 0   0  12   0   0
912 824 6  20  1388 0   6  12   0   0
912 91212  81  5688 0  43  22   0   0
912 924 8  57  2755 0  10  23   0   0
9121012 7  39  1188 0  14  24   0   0
9121024 3   3 -3121 0   0  18   0   0
9121112 1  29 -2155 0   0  18   0   0
9121124 4  10   288 0   5  17   0   0
9121212 5  48  1588 0  65  19   0   0
9121224 4  -1 -2788 0   0  15   0   0
9121312 3  -6 -3888 0   0  13   0   0
9121324 4   6 -1788 0   0  11   0   0
9121412 9  49  2688 0   0  15   0   0
9121424 9  89  6288 0  80  23   0   0
9121512 9  86  6188 0  10  30   0   0
9121524 5  75  6688 0   6  33   0   0
9121612 6  77  6388 0  31  37   0   0
9121624 3  40  3743 0   1  35   0   0
9121712 5  71  5988 0  30  38   0   0
9121724 4  30  2832 0   0  34   0   0
9121812 1  68  6088 0  22  35   0   0
9121824 1  44  4488 0   0  35   0   0
9121912 3  59  5588 0   0  36   0   0
9121924 5  40  2932 0   0  34   0   0
9122012 8  43   488 0   0  33   0   0
9122024 8  27  1988 0  20  32   0   0
9122112 3  52  5288 0  11  33   0   0
9122124 3  67  6488 0  21  34   0   0
9122212 5  71  6588 0   2  37   0   0
912222410 107 10488 0 138  47   0   0
912231211 117  9688 0  90  57   0   0
9122324 7  96  8588 0   0  60   0   0
9122412 6 104  9788 0  20  64   0   0
9122424 4  89  8288 0   9  65   0   0
9122512 6  90  7588 0  93  67   0   0
9122524 7  81  5688 0  22  67   0   0
9122612 9  81  5355 0   8  68   0   0
912262410  90  6665 0  52  68   0   0
9122712 4  80  6565 0   0  68   0   0
9122724 2  48  2588 0   7  65   0   0
9122812 6  67  5188 0   2  65   0   0
9122824 7 102  9288 0  20  68   0   0
912291211 112  8032 0   0  73   0   0
912292410  87  5788 0   0  72   0   0
912301210  84  3765 0   4  71   0   0
912302412  94  6988 0   0  73   0   0
912311212  96  6488 0   0  75   0   0
912312410  89  7788 0  80  75   0   0
9 1 112 6  70  4088 0  70  74   0   0
9 1 124 6  64  4288 0   3  71   0   0
9 1 212 6  76  5055 0   0  71   0   0
9 1 224 7  82  7988 0   4  72   0   0
9 1 312 6 112  9488 0   2  75   0   0
9 1 324 7  98  8988 0   0  77   0   0
9 1 412 7  95  8288 0   0  78   0   0
9 1 424 5  86  6788 0   0  78   0   0
9 1 512 4  80  7288 0   0  78   0   0
9 1 524 5  88  7888 0   3  78   0   0
9 1 612 4 106  8721 0   0  79   0   0
9 1 624 4  72  7188 0   0  78   0   0
9 1 712 6  81  6488 0   0  78   0   0
9 1 724 6  62  5688 0   0  75   0   0
9 1 812 6  91  7388 0   0  76   0   0
9 1 824 5  73  7088 0   4  75   0   0
9 1 912 4  83  7888 0  66  76   0   0
9 1 924 3  53  4088 0   0  73   0   0
9 11012 6  78  4354 0   0  72   0   0
9 11024 6   0 -2410 0  30  56   0   0
9 11112 3  19 -1888 0   0  51   0   0
9 11124 3  11 -1788 0   0  45   0   0
9 11212 5  24 -3388 0   0  41   0   0
9 11224 4 -22 -4510 0   0  28   0   0
9 11312 5   6 -5021 0   0  24   0   0
9 11324 3 -15 -4155 0   0  17   0   0
9 11412 4 -23 -4865 0   0  12   0   0
9 11424 6 -20 -4965 0   0   5   0   0
9 11512 4 -19 -4088 0  60   2   0   0
9 11524 1 -76 -9221 0   0   0  24   0
9 11612 3 -11 -5810 0   0   0  27   0
9 11624 2 -44 -5288 0   0   0  38   0
9 11712 3 -46 -6288 0   0   0  47   0
9 11724 2 -22 -4688 0   0   0  52   0
9 11812 6 -11 -3588 0   0   0  55   0
9 11824 7 -22 -5588 0   0   0  62   0
9 11912 6 -41 -7488 0   0   0  70   0
9 11924 8 -52 -8888 0   0   0  82   0
9 12012 8 -51 -7988 0   0   0  91   0
9 12024 6 -28 -4188 0  11   0  94  11
9 12112 4 -17 -2888 0   7   0  96  17
9 12124 3 -25 -4688 0   1   0  99  16
9 12212 3 -28 -5610 0   0   0 104  15
9 12224 2 -63 -7888 0   0   0 110  14
9 12312 4 -32 -6088 0   0   0 114  13
9 12324 5 -30 -6088 0   0   0 118  11
4 12412 5   0 -3577 0   3   0 119  12
4 12424 3 -66 -7377 0   0   0 126  11
4 12512 5 -11 -7377 0   0   0 129   9
4 12524 7 -53 -6044 0   0   0 137   6
4 12612 7   7 -6033 0   0   0 140   6
4 12624 7  -5 -1277 0  10   0 141  14
4 1271211  48 -1277 0  29   0 141   0
4 12724 7  15   877 0   0   0 140   0
4 12812 8  66   866 0   0   0 121   0
4 12824 7  21  1466 0   0   0 119   0
4 1291210  75  1466 0   5   0  95   0
