202010000  53   0 0 0   0 113   0   0
9 42624 4  53  2388 0  20 103   0   0
9 42712 6  84  3088 0   0 104   0   0
9 42724 1   5  -143 0   0  86   0   0
9 42812 3 106   132 0   0 102   0   0
9 42824 5  59  2410 0   0  92   0   0
9 42912 9 110  2854 0  30 104   0   0
9 42924 4  40  1643 0   0  92   0   0
9 43012 5 111  4354 0   0 105   0   0
9 43024 2  28  1810 0   0  91   0   0
9 5 112 3 142  1221 0   0 110   0   0
9 5 124 3  61  -788 0   0 101   0   0
9 5 212 6 154  1588 0   0 107   0   0
9 5 224 2  56  2232 0   0  97   0   0
9 5 312 2 181  5010 0   0 118   0   0
9 5 324 1  56  4021 0   0 107   0   0
9 5 412 8 151  4965 0   0 119   0   0
9 5 424 3  70  6110 0   0 109   0   0
9 5 512 2 170  6388 0   0 117   0   0
9 5 524 2  75  7310 0   0 109   0   0
9 5 612 3 220  8621 0   0 132   0   0
9 5 624 1 108  8210 0   0 126   0   0
9 5 712 7 234  6854 0   0 145   0   0
9 5 724 3 130 11588 0   3 143   0   0
9 5 812 6 200 12865 0   0 158   0   0
9 5 824 4 140 12288 0 140 155   0   0
9 5 912 5 148  7165 0   0 164   0   0
9 5 924 3  88  7132 0   0 150   0   0
9 5101211 147  7865 0   3 157   0   0
9 51024 4  97  6610 0   0 144   0   0
9 51112 6  96  7388 0   2 142   0   0
9 51124 5  81  6988 0  68 132   0   0
9 51212 6 128  4554 0   0 144   0   0
9 51224 4  88  6365 0   0 134   0   0
9 51312 6 128  5688 0  21 136   0   0
9 51324 5  68  5688 0  90 125   0   0
9 51412 4 107  6888 0   0 128   0   0
9 51424 3  98  7888 0  15 124   0   0
9 51512 5 136 10488 0   3 130   0   0
9 51524 1  69  6388 0   3 122   0   0
9 51612 6 155 10688 0   0 129   0   0
9 51624 2  97  9699 0  42 125   0   0
9 51712 3 122 10388 0   0 131   0   0
9 51724 3  97  9388 0  20 127   0   0
9 51812 6 102  8688 0  30 129   0   0
9 51824 1  96  9288 0   0 125   0   0
9 51912 5 132  9388 0   0 131   0   0
9 51924 1  97  9699 0   0 127   0   0
9 52012 2 125 11188 0   0 133   0   0
9 52024 4 119 11188 0   0 131   0   0
9 52112 4 120 11388 0   1 136   0   0
9 52124 7  84  7288 0  29 129   0   0
9 52212 9 100  4588 0   0 129   0   0
9 52224 3  42  3055 0   0 114   0   0
9 52312 3  78  4854 0  11 125   0   0
9 52324 2  29  2021 0   1 107   0   0
9 52412 2 121  1754 0   0 123   0   0
9 52424 1  57  5088 0  11 114   0   0
9 52512 6  98  6388 0   0 117   0   0
9 52524 5  90  8388 0  30 113   0   0
9 52612 9  98  7988 0   0 116   0   0
9 52624 6  82  7588 0   0 111   0   0
9 52712 5 164  7510 0   0 135   0   0
9 52724 1  77  6332 0   0 125   0   0
9 52812 4 184  7710 0   0 149   0   0
9 52824 2 114 10788 0   0 145   0   0
9 52912 5 146 10688 0   9 150   0   0
9 52924 1 100  9899 0 116 144   0   0
9 53012 1 156 11588 0   1 151   0   0
9 53024 3 111 11065 0   0 145   0   0
9 53112 8 180 12910 0   0 169   0   0
9 53124 7  98  9588 0   0 161   0   0
9 6 112 7 107  9288 0   0 161   0   0
9 6 124 4  72  6221 0   0 143   0   0
9 6 212 7 144  3610 0   0 162   0   0
9 6 224 3  82  6765 0   0 148   0   0
9 6 312 7 145  6965 0   0 158   0   0
9 6 324 5 103  7788 0   0 149   0   0
9 6 412 6 202  4710 0   0 171   0   0
9 6 424 1  98  7221 0   0 157   0   0
9 6 512 5 198  8510 0   0 180   0   0
9 6 524 3 107  9543 0   0 167   0   0
9 6 612 4 222 12710 0   0 192   0   0
9 6 624 3 115 10321 0   0 178   0   0
9 6 712 5 214 13710 0   0 201   0   0
9 6 724 3 111  9388 0   0 186   0   0
9 6 812 5 156  8510 0   0 202   0   0
9 6 824 5 109  7588 0   0 185   0   0
9 6 912 4 132  7788 0   0 182   0   0
9 6 924 3 108  7388 0   0 169   0   0
9 61012 3 139  7488 0   0 170   0   0
9 61024 1  96  7688 0   0 159   0   0
9 61112 3 161  6632 0   0 179   0   0
9 61124 2 137  8388 0   0 172   0   0
9 61212 7 204 14488 0   0 179   0   0
9 61224 5 173 17088 0  30 178   0   0
9 61312 8 188 12865 0  30 191   0   0
9 61324 6 130 10688 0   6 180   0   0
9 61412 6 186 10465 0   2 191   0   0
9 61424 2 103  9810 0   0 175   0   0
9 6151211 166 10755 0  50 187   0   0
9 61524 4 110  9410 0   3 171   0   0
9 61612 6 165 10788 0   0 175   0   0
9 61624 1  91  8921 0   0 160   0   0
9 61712 4 204 11443 0   0 181   0   0
9 61724 4 140 12788 0   0 175   0   0
9 61812 2 252 17710 0   0 202   0   0
9 61824 1 193 18965 0   0 200   0   0
9 61912 7 207 17588 0  10 206   0   0
9 61924 4 164 15932 0   0 198   0   0
9 62012 4 236 19655 0   0 218   0   0
9 62024 1 174 17388 0 190 213   0   0
9 62112 8 152 14888 0  80 212   0   0
9 62124 6 151 13688 0  50 202   0   0
9 62212 5 195 14388 0   1 206   0   0
9 62224 5 138 12355 0  11 194   0   0
9 62312 6 150 13688 0  20 194   0   0
9 62324 4 130 12488 0  20 184   0   0
9 62412 7 170 11788 0  18 187   0   0
9 62424 3 118 10888 0  13 177   0   0
9 62512 8 153  9554 0   0 188   0   0
9 62524 3  99  7888 0   0 173   0   0
9 62612 6 145  9388 0   1 174   0   0
9 62624 3 112 10565 0   0 164   0   0
9 62712 4 121  9288 0   9 164   0   0
9 62724 4 105 10388 0  41 156   0   0
9 62812 8 145 10988 0  13 159   0   0
9 62824 5 130 12988 0  50 155   0   0
9 62912 8 146  6955 0  10 168   0   0
9 62924 3  72  6632 0   0 150   0   0
9 63012 6 179 13288 0   0 158   0   0
9 63024 3 145 13754 0   0 155   0   0
9 7 112 5 178 14355 0   1 173   0   0
9 7 124 1 121 11388 0   0 167   0   0
9 7 212 3 191  7465 0   0 180   0   0
9 7 224 2 160 11988 0   1 177   0   0
9 7 312 3 178 15888 0   5 184   0   0
9 7 324 2 158 15288 0   0 181   0   0
9 7 412 4 213 16065 0   0 196   0   0
9 7 424 2 156 15665 0   0 190   0   0
9 7 512 2 216 15721 0   0 214   0   0
9 7 524 1 109 10110 0   0 194   0   0
9 7 612 2 214 14010 0   0 217   0   0
9 7 624 2 126 11810 0   0 200   0   0
9 7 712 3 231 15132 0   0 222   0   0
9 7 724 2 134 13010 0   0 206   0   0
9 7 812 5 213 14610 0   0 227   0   0
9 7 824 3 131 12410 0   0 209   0   0
9 7 912 5 203 14421 0   0 228   0   0
9 7 924 2 140 12121 0   0 211   0   0
9 71012 6 158 10588 0   2 207   0   0
9 71024 3 139 10488 0   0 195   0   0
9 71112 3 179 10565 0   0 206   0   0
9 71124 2 134 10188 0   0 194   0   0
9 71212 2 164 12288 0   0 196   0   0
9 71224 1 140 11988 0   0 188   0   0
9 71312 3 185 11332 0   0 207   0   0
9 71324 3 150 13888 0   0 199   0   0
9 71412 4 181 11865 0   0 208   0   0
9 71424 1 103 10010 0   0 189   0   0
9 71512 4 224 12954 0   0 206   0   0
9 71524 1 128 12732 0   0 193   0   0
9 71612 2 243 13243 0   0 213   0   0
9 71624 1 134 13410 0   0 199   0   0
9 71712 2 236 17332 0   0 221   0   0
9 71724 2 152 15021 0   0 209   0   0
9 71812 3 240 15932 0   0 230   0   0
9 71824 1 134 13210 0   0 212   0   0
9 71912 6 230 15921 0   0 232   0   0
9 71924 3 166 15188 0   0 222   0   0
9 72012 4 222 15654 0   0 237   0   0
9 72024 2 146 13910 0   0 220   0   0
9 72112 4 283 12421 0   0 242   0   0
9 72124 2 161 13910 0   0 226   0   0
9 72212 3 305 14910 0   0 250   0   0
9 72224 3 189 15932 0   0 238   0   0
9 72312 4 309 15421 0   0 260   0   0
9 72324 1 193 15510 0   0 246   0   0
9 72412 4 225 18588 0   6 249   0   0
9 72424 1 154 15310 0   3 232   0   0
9 72512 1 263 16365 0   0 246   0   0
9 72524 1 167 16588 0  30 235   0   0
9 72612 3 225 20788 0   9 240   0   0
9 72624 2 193 19265 0  11 233   0   0
9 72712 7 207 18288 0   1 235   0   0
9 72724 1 188 18788 0  79 230   0   0
9 72812 6 213 16588 0  50 232   0   0
9 72824 1 152 15010 0   0 217   0   0
9 72912 7 220 17155 0   0 231   0   0
9 72924 3 151 13755 0   0 217   0   0
9 73012 9 210 15765 0   1 225   0   0
9 73024 6 172 17288 0 129 217   0   0
9 73112 9 217 15043 0   0 230   0   0
9 73124 3 159 15810 0  10 217   0   0
9 8 112 6 264 19265 0   1 231   0   0
9 8 124 2 206 17710 0   0 225   0   0
9 8 212 5 315 20221 0   0 248   0   0
9 8 224 3 213 20010 0   0 241   0   0
9 8 312 9 233 14255 0   0 249   0   0
9 8 324 1 132 12510 0   0 227   0   0
9 8 412 5 239 11710 0   0 243   0   0
9 8 424 3 165 14954 0   0 230   0   0
9 8 512 5 275 13521 0   0 248   0   0
9 8 524 3 170 16965 0 170 236   0   0
9 8 612 5 205 14965 0   0 241   0   0
9 8 624 1 121 12043 0   0 219   0   0
9 8 712 4 167 15488 0   9 218   0   0
9 8 724 6 148 14388 0 231 206   0   0
9 8 812 6 190 12665 0   0 213   0   0
9 8 824 1 114 11310 0   0 195   0   0
9 8 912 5 215 14988 0   0 200   0   0
9 8 924 2 148 14788 0   1 194   0   0
9 81012 5 190 13088 0   0 197   0   0
9 81024 3 148 13588 0   1 190   0   0
9 81112 6 197  9865 0   4 198   0   0
9 81124 3 133 13288 0  50 189   0   0
9 81212 5 183 12155 0   0 200   0   0
9 81224 2 108 10465 0   6 185   0   0
9 81312 8 175 11743 0  41 196   0   0
9 81324 2  98  9410 0  13 178   0   0
9 81412 4 182 12788 0   3 182   0   0
9 81424 1  89  8710 0   0 165   0   0
9 81512 4 184 15688 0   2 171   0   0
9 81524 3 166 16165 0  18 169   0   0
9 81612 7 232 16188 0   0 178   0   0
9 81624 1 161 16088 0  41 176   0   0
9 81712 6 223 16465 0   0 189   0   0
9 81724 6 184 15288 0   1 187   0   0
9 81812 8 216 16932 0  49 203   0   0
9 81824 1 126 12565 0   0 191   0   0
9 81912 5 152 14688 0  90 191   0   0
9 81924 2  92  9010 0  20 173   0   0
9 82012 4 186 13288 0   0 177   0   0
9 82024 1 102 10210 0   0 164   0   0
9 82112 4 215 13232 0   0 181   0   0
9 82124 1 136 13588 0   0 175   0   0
9 82212 3 226 12821 0   0 192   0   0
9 82224 2 163 14388 0   0 188   0   0
9 82312 6 207 13965 0   0 197   0   0
9 82324 4 166 13054 0   0 190   0   0
9 82412 6 231 15610 0   0 207   0   0
9 82424 1 156 12888 0   0 199   0   0
9 82512 5 219 15010 0   0 214   0   0
9 82524 3 137 11310 0   0 198   0   0
9 82612 6 218  8721 0   0 210   0   0
9 82624 3 123 10210 0   0 192   0   0
9 82712 4 219 10332 0   0 205   0   0
9 82724 1 139 13988 0   0 197   0   0
9 82812 3 212 14888 0   0 201   0   0
9 82824 1 102 10021 0   0 183   0   0
9 82912 4 208 13888 0   0 187   0   0
9 82924 2 117 11510 0   0 175   0   0
9 83012 6 224 14788 0   0 181   0   0
9 83024 4 151 14665 0   0 176   0   0
9 83112 8 194 13343 0   0 187   0   0
9 83124 2  96  8232 0   0 170   0   0
9 9 112 7 167  9065 0   0 175   0   0
9 9 124 4 139 12265 0   0 168   0   0
9 9 212 7 177 15188 0   0 172   0   0
9 9 224 2 146 14565 0   0 168   0   0
9 9 312 4 201 16688 0   0 174   0   0
9 9 324 1 160 15488 0   0 173   0   0
9 9 412 1 225 15321 0   0 187   0   0
9 9 424 3 146 14421 0   0 180   0   0
9 9 512 5 280 15821 0   0 197   0   0
9 9 524 2 186 15510 0   0 192   0   0
9 9 612 4 282 17710 0   0 208   0   0
9 9 624 1 135 13488 0   6 198   0   0
9 9 712 3 205 17865 0   0 206   0   0
9 9 724 1 143 14188 0  51 198   0   0
9 9 812 3 143 13188 0 300 194   0   0
9 9 824 1 112 11088 0   0 182   0   0
9 9 912 4 155 10865 0   0 185   0   0
9 9 924 1 114 11365 0   3 174   0   0
9 91012 1 136 12588 0 140 173   0   0
9 91024 2 114 11388 0   0 166   0   0
9 91112 4 149 12788 0  23 167   0   0
9 91124 1 113 11165 0   0 159   0   0
9 91212 2 174 11488 0   0 162   0   0
9 91224 1  96  9410 0   0 151   0   0
9 91312 5 184 11565 0   0 158   0   0
9 91324 3 141 13388 0   2 156   0   0
9 91412 4 181 16488 0 108 161   0   0
9 91424 3 103  9254 0  32 151   0   0
9 91512 6 151  7943 0   0 157   0   0
9 91524 8 120 10988 0  40 152   0   0
9 91612 8 143  6532 0   0 156   0   0
9 91624 6  78  6588 0  21 142   0   0
9 9171210 146  7265 0  39 144   0   0
9 91724 1  83  7165 0   0 135   0   0
9 91812 5 157  8021 0  40 143   0   0
9 91824 4  81  6821 0   0 131   0   0
9 91912 5 139  8988 0   5 133   0   0
9 91924 4 127 12188 0  26 132   0   0
9 92012 7 161 10988 0   0 136   0   0
9 92024 2  93  9088 0   7 130   0   0
9 92112 3 160  9988 0   0 134   0   0
9 92124 3 134 11488 0   0 133   0   0
9 92212 3 196 16032 0   0 144   0   0
9 92224 4 139 13354 0   0 142   0   0
9 92312 3 185 14988 0   0 146   0   0
9 92324 2 117 11699 0   1 143   0   0
9 92412 3 166 13188 0   1 146   0   0
9 92424 2 143 13688 0   0 146   0   0
9 92512 2 161 13988 0   0 149   0   0
9 92524 3 140 13488 0   3 148   0   0
9 92612 5 149  8165 0   2 150   0   0
9 92624 1  49  4755 0   0 133   0   0
9 92712 3 150  6510 0   0 140   0   0
9 92724 2  68  6221 0   0 127   0   0
9 92812 5 157  8610 0   0 134   0   0
9 92824 5  85  6221 0   0 124   0   0
9 92912 7 151  5210 0   0 129   0   0
9 92924 4  81  4810 0   0 118   0   0
9 93012 7 138  5510 0   0 123   0   0
9 93024 4  62  3510 0   0 110   0   0
910 112 6 139  5010 0   0 116   0   0
910 124 4  67  3421 0   0 105   0   0
910 212 7 142  3110 0   0 111   0   0
910 224 3  56  1010 0   0  99   0   0
910 312 7 131  2121 0   0 104   0   0
910 324 4 109  2488 0   0 102   0   0
910 412 7 189 14354 0  30 114   0   0
910 424 3 149 13788 0   0 115   0   0
910 512 3 173 13665 0   0 121   0   0
910 524 2 117 11188 0   0 121   0   0
910 612 1 155 10288 0   0 123   0   0
910 624 1  73  7221 0   0 115   0   0
910 712 4 168 11843 0   0 122   0   0
910 724 1 118 10688 0   0 121   0   0
910 812 4 172 13665 0   0 127   0   0
910 824 3 141 13588 0   2 127   0   0
910 912 5 143  9888 0  18 129   0   0
910 924 3  42  3310 0   8 112   0   0
9101012 4 119  6588 0   3 113   0   0
9101024 2  57  5165 0   8 104   0   0
9101112 9 144 11465 0  37 111   0   0
9101124 7 132 11788 0   6 112   0   0
9101212 1 109  9388 0  20 113   0   0
9101224 3  85  7688 0  50 109   0   0
9101312 7 101  5565 0   0 109   0   0
9101324 4  78  5888 0   2 104   0   0
9101412 4 114  8488 0   0 106   0   0
9101424 4 101  9265 0   2 104   0   0
9101512 2 116  8988 0  18 105   0   0
9101524 3  83  7888 0   0 102   0   0
9101612 3 152 10088 0   0 106   0   0
9101624 6 107 10088 0   9 105   0   0
910171210 137  9388 0   2 108   0   0
9101724 2  94  8588 0  22 106   0   0
9101812 3 132  7788 0   0 108   0   0
9101824 3  80  5788 0   0 104   0   0
9101912 3 134  9288 0   0 106   0   0
9101924 5 145 13388 0  91 109   0   0
9102012 5 171 13965 0   0 115   0   0
9102024 9 135 11221 0   0 113   0   0
9102112 5 156 13488 0   0 117   0   0
9102124 4 144 12110 0   0 115   0   0
9102212 6 205 15410 0   0 125   0   0
9102224 4 151 14388 0  40 126   0   0
9102312 9 182 13165 0   0 132   0   0
9102324 4 128  9288 0  31 130   0   0
9102412 5 144  7554 0   0 132   0   0
9102424 2  66  5321 0   0 120   0   0
9102512 5 141 11888 0   1 122   0   0
9102524 6 150 13188 0   7 123   0   0
9102612 9 175 12688 0   0 128   0   0
9102624 5 144 12955 0   0 127   0   0
910271213 143  9888 0  40 127   0   0
910272410 137  9588 0   2 125   0   0
910281221 146  9365 0  98 125   0   0
9102824 7 105  8665 0   0 121   0   0
910291211 121  8565 0  42 120   0   0
9102924 5  74  6365 0  38 112   0   0
9103012 5 113  7665 0  14 112   0   0
9103024 5  74  5365 0   2 105   0   0
9103112 8 120  7465 0   0 106   0   0
9103124 5  98  8843 0  21 102   0   0
911 112 7 115 10088 0  10 104   0   0
911 124 3 100  8488 0  20 103   0   0
911 212 3  98  8088 0  35 103   0   0
911 224 8 101  7821 0   4  98   0   0
911 31210 102  4065 0   1  96   0   0
911 324 6  73  5888 0  20  92   0   0
911 412 5  87  6365 0 130  92   0   0
911 424 4  64  4954 0  16  87   0   0
911 512 7  87  4888 0   0  86   0   0
911 524 6  85  7188 0  46  85   0   0
911 612 6  96  6888 0   3  85   0   0
911 62411 130 12288 0  78  91   0   0
911 712 5 114  7488 0  30  93   0   0
911 724 3  74  6788 0   0  90   0   0
911 812 3  90  6888 0   0  90   0   0
911 824 1  82  7988 0  70  89   0   0
911 912 9 100  3410 0  20  88   0   0
911 924 2  30  2654 0 160  79   0   0
9111012 3  83  4765 0  33  79   0   0
9111024 2  23  1510 0  15  69   0   0
9111112 5  93  5688 0   0  70   0   0
9111124 6  80  4065 0   0   0   0   0
4111212 6 -97  7577 0   3   0   0   0
4111224 5 -26  2177 0   0   0   0   0
4111312 6 -87  2966 0   0   0   0   0
4111324 6 -38  3377 0  16   0   0   0
411141210 -78  4166 0  35   0   0   0
4111424 6 -40  3566 0   0   0   0   0
4111512 7 -89  4355 0   0   0   0   0
4111524 4 -11   666 0   0   0   0   0
4111612 7 -74  1466 0   0   0   0   0
4111624 5 -27  2277 0   0   0   0   0
4111712 7 -76  3066 0   0   0   0   0
