202010000  52   0 0 0   0 231   0   0
9 72724 3 204 17488 0   0 227   0   0
9 72812 3 191 14965 0 198 234   0   0
9 72824 3 157 15588 0  80 223   0   0
9 72912 6 183 10665 0   0 226   0   0
9 72924 2 132 11088 0   1 210   0   0
9 73012 6 165 10165 0  10 213   0   0
9 73024 2 105  9788 0   8 195   0   0
9 73112 4 176 11165 0   0 203   0   0
9 73124 2 149 14188 0   1 196   0   0
9 8 112 4 253 14721 0   0 218   0   0
9 8 124 2 218 14488 0   0 217   0   0
9 8 212 6 217 14965 0   0 227   0   0
9 8 224 1 116 11510 0   0 206   0   0
9 8 312 4 212 13365 0   0 217   0   0
9 8 324 1 157 13165 0   0 207   0   0
9 8 412 2 222 13065 0   0 219   0   0
9 8 424 1 118 11810 0  10 201   0   0
9 8 512 2 241 15354 0   0 217   0   0
9 8 524 2 165 15888 0  30 210   0   0
9 8 612 5 192 13388 0  30 211   0   0
9 8 624 4 143 12765 0   6 199   0   0
9 8 712 6 169 13388 0   1 199   0   0
9 8 724 2 128 12555 0   0 188   0   0
9 8 812 5 216 13065 0   0 200   0   0
9 8 824 1 133 13355 0   0 190   0   0
9 8 912 4 214 12865 0   0 201   0   0
9 8 924 1  81  8010 0   0 178   0   0
9 81012 3 198  8654 0   0 192   0   0
9 81024 1  94  9310 0   0 174   0   0
9 81112 4 184 11965 0   0 185   0   0
9 81124 2 128 10010 0   0 173   0   0
9 81212 4 227  9721 0   0 192   0   0
9 81224 3 151  9910 0   0 182   0   0
9 81312 3 235 11854 0   0 197   0   0
9 81324 1 183 11188 0   0 194   0   0
9 81412 2 256 13343 0   0 211   0   0
9 81424 1 172 16488 0   0 206   0   0
9 81512 5 279 14110 0   0 226   0   0
9 81524 5 169 15188 0  50 217   0   0
9 81612 5 235 12532 0   0 231   0   0
9 81624 1 134 13388 0   0 216   0   0
9 81712 4 262 11921 0   0 233   0   0
9 81724 2 195 12910 0   0 223   0   0
9 81812 3 300 16021 0   0 242   0   0
9 81824 2 246 16510 0   0 240   0   0
9 81912 3 339 18710 0   0 260   0   0
9 81924 1 215 20765 0   0 254   0   0
9 82012 5 275 18365 0   0 263   0   0
9 82024 1 139 13865 0   0 241   0   0
9 82112 1 246 17665 0   0 253   0   0
9 82124 2 175 15332 0   0 238   0   0
9 82212 5 210 12265 0   0 241   0   0
9 82224 3 144 11010 0   0 220   0   0
9 82312 4 212 12665 0   0 227   0   0
9 82324 3 151 12688 0   0 214   0   0
9 82412 2 228 11788 0   5 219   0   0
9 82424 2 155 15188 0  20 210   0   0
9 82512 5 203 14965 0   1 217   0   0
9 82524 3 167 11565 0   8 207   0   0
9 82612 4 147 13765 0 243 208   0   0
9 82624 1 125 12521 0  20 194   0   0
9 82712 3 202 13555 0   0 205   0   0
9 82724 2 167 11655 0   0 197   0   0
9 82812 4 204 13965 0  10 206   0   0
9 82824 1 131 12821 0   0 193   0   0
9 82912 7 245 12832 0   0 207   0   0
9 82924 1 130 12765 0   0 195   0   0
9 83012 4 204 12654 0   0 204   0   0
9 83024 1 122 11288 0   0 192   0   0
9 83112 6 145 11288 0   0 188   0   0
9 83124 1  55  5410 0   1 162   0   0
9 9 112 2 170  6888 0   0 166   0   0
9 9 124 2  74  7288 0   0 152   0   0
9 9 212 5 205 10632 0   0 166   0   0
9 9 224 2  74  7288 0   0 152   0   0
9 9 312 2 213 12854 0   0 164   0   0
9 9 324 1 137 13688 0   0 162   0   0
9 9 412 2 232 14421 0   0 177   0   0
9 9 424 1  98  9821 0   0 164   0   0
9 9 512 3 193 11388 0   0 168   0   0
9 9 524 2 157 15688 0   0 167   0   0
9 9 612 3 167  8565 0   0 174   0   0
9 9 624 2 106  8310 0   0 160   0   0
9 9 712 5 198 14488 0   0 166   0   0
9 9 724 1 135 13510 0   0 160   0   0
9 9 812 3 235 12343 0   0 173   0   0
9 9 824 1 123 12354 0   0 166   0   0
9 9 912 3 281 13021 0   0 182   0   0
9 9 924 2 176 11610 0   0 177   0   0
9 91012 7 230 15855 0   0 189   0   0
9 91024 1 146 14565 0   0 183   0   0
9 91112 4 167 15588 0  24 185   0   0
9 91124 1 100  9365 0   6 171   0   0
9 91212 5 151  6665 0   0 173   0   0
9 91224 2  77  6454 0   0 156   0   0
9 91312 2 159  9388 0   0 159   0   0
9 91324 3 111  8888 0   0 152   0   0
9 91412 7 143 11388 0   0 153   0   0
9 91424 2 110 10032 0   0 145   0   0
9 91512 4 180 11765 0   0 153   0   0
9 91524 3 118 10110 0   0 145   0   0
9 91612 5 192 11832 0   0 157   0   0
9 91624 2 124 11732 0   0 151   0   0
9 91712 5 178 13588 0   0 155   0   0
9 91724 3 147 13588 0   0 153   0   0
9 91812 6 165 10765 0   0 159   0   0
9 91824 3  85  7265 0   0 146   0   0
9 91912 6 142  5765 0   0 149   0   0
9 91924 3  67  6065 0   6 135   0   0
9 92012 5 137  7765 0   0 140   0   0
9 92024 3  98  5865 0   0 132   0   0
9 92112 2 144  6832 0   0 140   0   0
9 92124 1  65  6588 0   0 130   0   0
9 92212 4 147  5843 0   4 137   0   0
9 92224 1  14  1255 0   0 115   0   0
9 92312 4 134  5365 0   0 120   0   0
9 92324 6  95  8088 0 132 116   0   0
9 92412 4 176 16265 0 150 125   0   0
9 92424 4 147  9688 0  20 125   0   0
9 92512 7 150  9755 0   0 132   0   0
9 92524 2 118  9988 0   1 130   0   0
9 92612 5 151 10988 0  44 133   0   0
9 92624 3 103  9065 0  15 128   0   0
9 92712 4 146 12165 0  46 134   0   0
9 92724 3 103  9854 0  31 128   0   0
9 92812 5 149 10588 0   0 131   0   0
9 92824 5 119  9088 0   0 128   0   0
9 92912 5 162  8932 0   7 136   0   0
9 92924 3  97  6888 0   0 130   0   0
9 93012 6 163  7521 0   0 137   0   0
9 93024 4  97  6410 0   0 127   0   0
910 112 5 168 10010 0   0 135   0   0
910 124 4 131 11288 0   1 134   0   0
910 212 4 149 12488 0   8 136   0   0
910 224 4 126 10765 0   0 133   0   0
910 312 7 139 12588 0  31 135   0   0
910 324 3 102  9788 0 100 131   0   0
910 412 5 121  9455 0 120 134   0   0
910 424 5  92  6565 0   0 126   0   0
910 512 9 159 11499 0  50 130   0   0
910 524 2  93  8988 0  30 125   0   0
910 612 4 116  9065 0 150 127   0   0
910 624 1  24  2465 0   0 110   0   0
910 712 5 140  5021 0   0 115   0   0
910 724 1  17  1710 0   0  97   0   0
910 812 3 130  5354 0   0 102   0   0
910 824 1  14  1488 0   0  89   0   0
910 912 4 127  3388 0   0  91   0   0
910 924 1   9   943 0   0  78   0   0
9101012 3 118  4765 0   0  82   0   0
9101024 1   7   710 0   0  69   0   0
9101112 4 131  4621 0   0  76   0   0
9101124 3  75  4788 0   0  75   0   0
9101212 4 135 12088 0  90  80   0   0
9101224 4  71  5621 0  30  76   0   0
9101312 3 106  8888 0   8  79   0   0
9101324 5  76  6488 0 132  78   0   0
9101412 5 107  5455 0   0  82   0   0
9101424 3  57  4565 0   0  78   0   0
9101512 4 130  5054 0   3  83   0   0
9101524 4  92  6343 0   0  81   0   0
9101612 5  91  7988 0  10  82   0   0
9101624 4  87  7421 0   0  79   0   0
9101712 5 138 10554 0   8  86   0   0
9101724 4 148 12288 0   1  90   0   0
9101812 6 204 12010 0   0 101   0   0
9101824 2 163 11188 0   0 103   0   0
9101912 4 224 11121 0   0 112   0   0
9101924 3 166 11965 0   0 113   0   0
9102012 3 184 14788 0   0 118   0   0
9102024 2 128 12232 0   0 116   0   0
9102112 3 158 14288 0   0 119   0   0
9102124 1 106 10699 0   0 118   0   0
9102212 1 205 14021 0   0 124   0   0
9102224 1 110 10910 0   0 119   0   0
9102312 3 126 12188 0   0 121   0   0
9102324 3 104  9988 0   0 119   0   0
9102412 2 110 10388 0   4 119   0   0
9102424 1  99  9388 0   0 117   0   0
9102512 2 125  8954 0   0 119   0   0
9102524 2  66  5288 0   0 112   0   0
9102612 3  65 -1065 0   0 105   0   0
9102624 2  -7 -2154 0   0  85   0   0
9102712 3  63  -410 0   0  83   0   0
9102724 1 -37 -3710 0   1  60   0   0
9102812 4  86   010 0   0  62   0   0
9102824 5  47 -1888 0   0  58   0   0
9102912 6  43  3788 0  21  57   0   0
9102924 4  69  6688 0  30  57   0   0
9103012 3  87  6288 0  60  59   0   0
9103024 3  47  4410 0   0  55   0   0
9103112 5 120  6532 0   0  61   0   0
9103124 2  56  2010 0   0  57   0   0
911 112 7 114  5588 0   0  61   0   0
911 124 7  66  3743 0  23  58   0   0
911 212 8  86  3465 0   2  61   0   0
911 224 5  46  3610 0   7  55   0   0
911 312 4  75  6188 0   0  57   0   0
911 324 4  42  3121 0   9  52   0   0
911 412 3  86  5688 0   0  55   0   0
911 424 6  83  4865 0  40  55   0   0
911 512 4  78  5888 0   4  57   0   0
911 524 2  20  1854 0   1  51   0   0
911 612 5  99  4365 0   0  54   0   0
911 624 5  80  7888 0  34  56   0   0
911 712 6 112  9888 0  22  62   0   0
911 724 5  95  6388 0   0  63   0   0
911 812 5 102  7788 0   0  66   0   0
911 824 4  85  7988 0   3  67   0   0
911 912 3  97  6088 0   0  69   0   0
911 924 3  81  4488 0   0  68   0   0
9111012 3 117  8988 0   7  71   0   0
9111024 4 105  9055 0   0  72   0   0
9111112 3  92  6665 0   2  73   0   0
9111124 4  67  5588 0   0  72   0   0
9111212 5  68  4765 0   0  72   0   0
9111224 4  59  3565 0   0  68   0   0
9111312 4  79  6388 0   0  69   0   0
9111324 2  82  6088 0   0  69   0   0
9111412 2 131  3210 0   0  72   0   0
9111424 1  -9  -910 0   0  57   0   0
9111512 1  44  2288 0   0  56   0   0
9111524 2  19   188 0   0  51   0   0
9111612 3  36   688 0   0  50   0   0
9111624 1  -4 -1110 0   0  40   0   0
9111712 4  78  2910 0   0  42   0   0
9111724 3  83  7488 0   0  44   0   0
9111812 2  80  7565 0   0  46   0   0
9111824 1 -24 -2499 0   0  36   0   0
9111912 2  86  7221 0   0  39   0   0
9111924 2  93  7788 0   0  41   0   0
9112012 3 112  6965 0   0  45   0   0
9112024 2  42  3510 0   0  41   0   0
9112112 4  55  2665 0   0  42   0   0
9112124 7  86  6888 0   0  46   0   0
9112212 6 108  6510 0   0  50   0   0
9112224 4  54  3421 0   0  47   0   0
9112312 5  80  6388 0   9  50   0   0
9112324 1  30  3088 0  11  47   0   0
9112412 2  72  7188 0   0  49   0   0
9112424 5  79  7488 0  29  51   0   0
9112512 9 106  2788 0   0  54   0   0
9112524 6  75  4355 0   0  54   0   0
9112612 2  67  6088 0  30  55   0   0
9112624 2  75  5765 0   2  54   0   0
9112712 3  89  5465 0   0  56   0   0
9112724 1  39  3988 0   0  54   0   0
9112812 2  51  5188 0   0  54   0   0
9112824 2  37  1388 0   0  51   0   0
9112912 4  43  2088 0   0  50   0   0
9112924 1  20  1088 0   0  47   0   0
9113012 3  22  1188 0   0  44   0   0
9113024 4  22  2299 0   0  41   0   0
912 112 4  43  2165 0   0  41   0   0
912 124 5  20  1688 0  20  38   0   0
912 212 3  44  2665 0  40  38   0   0
912 224 1 -14 -1499 0   0  32   0   0
912 312 6  18   688 0   1  30   0   0
912 324 5  38  2765 0  29  29   0   0
912 412 8  51  3188 0   0  31   0   0
912 424 2  -2  -488 0  50  27   0   0
912 512 3  31 -3010 0   0  26   0   0
912 524 7   1 -3665 0   0  20   0   0
912 612 3   9 -2110 0   2  18   0   0
912 624 5   6 -3265 0   0  14   0   0
912 712 5  -5 -2188 0   9  12   0   0
912 724 2 -42 -6010 0   1   2   0   0
912 812 1 -20 -5310 0   0   0   0   0
912 824 4  -6 -1965 0   0   0   0   0
912 912 5  44  4288 0  70   4   0   0
912 924 6  42  3065 0  60   5   0   0
9121012 6  22   888 0  20   7   0   0
9121024 4   1  -888 0   0   5   0   0
9121112 4   1 -5210 0   2   3   0   0
9121124 4  -2 -1888 0   0   2   0   0
9121212 3   9   788 0  26   2   0   0
9121224 4 -20 -4865 0   4   0   0   0
9121312 3   5 -5621 0   0   0   0   0
9121324 2  -6 -3688 0   0   0   0   0
9121412 4  32  1343 0   1   2   0   0
9121424 5  90  7288 0  90   8   0   0
9121512 6  87  5688 0   0  14   0   0
9121524 3  73  6588 0   8  17   0   0
9121612 4  78  6388 0  16  21   0   0
9121624 3  64  5988 0   2  23   0   0
9121712 3  74  6688 0   4  26   0   0
9121724 3  64  6188 0  37  28   0   0
9121812 2  56  5088 0   1  29   0   0
9121824 1  49  4988 0   0  29   0   0
9121912 1  58  5388 0   0  30   0   0
9121924 4  39  3388 0   0  30   0   0
9122012 6  44   788 0   0  30   0   0
9122024 5  22   988 0   2  29   0   0
9122112 2  21  1888 0  56  28   0   0
9122124 2  15  1588 0  20  27   0   0
9122212 4  73  6288 0  20  30   0   0
9122224 2  58  5688 0 100  30   0   0
9122312 8 126 11188 0 150  42   0   0
9122324 4  93  8888 0   5  45   0   0
9122412 4  92  9088 0   6  48   0   0
9122424 5 103  7688 0   0  51   0   0
9122512 5  83  7288 0  80  54   0   0
9122524 4  71  5565 0  60  53   0   0
9122612 6  70  5688 0   1  55   0   0
9122624 8  83  6888 0  31  57   0   0
9122712 4  81  5965 0  40  58   0   0
9122724 1  26  1188 0  10  54   0   0
9122812 2  32   132 0   0  51   0   0
9122824 6  88  8188 0   7  54   0   0
9122912 6 116  7488 0   0  59   0   0
9122924 7  98  6088 0   4  61   0   0
9123012 7  72  3688 0  16  61   0   0
9123024 6  87  5588 0   4  61   0   0
9123112 9  91  5488 0   0  64   0   0
9123124 7  84  7288 0  20  65   0   0
9 1 112 3  67  5688 0  80  65   0   0
9 1 124 4  38  2665 0  10  60   0   0
9 1 212 4  71  5488 0   8  61   0   0
9 1 224 6  64  5688 0   0  60   0   0
9 1 312 6 105  9888 0  12  64   0   0
9 1 324 5  95  8588 0   0  66   0   0
9 1 412 5  90  8688 0   2  68   0   0
9 1 424 5  81  7888 0   2  69   0   0
9 1 512 3  85  7088 0   0  70   0   0
4 1 524 5  81  7888 0   2  70   0   0
4 1 612 3  85  7088 0   0  71   0   0
9 1 624 3  71  6688 0   0  70   0   0
9 1 712 2  79  7488 0   0  71   0   0
9 1 724 4  64  5588 0   2  69   0   0
9 1 812 5  74  6388 0   1  70   0   0
9 1 824 5  68  6288 0   1  69   0   0
9 1 912 4  61  5988 0  70  68   0   0
9 1 924 2  46  4488 0   0  66   0   0
4 11012 4  61  5988 0  70  65   0   0
9 11024 1  -6 -1888 0   2  55   0   0
9 11112 2  12 -2988 0   0  49   0   0
9 11124 1  -6  -888 0   0  42   0   0
9 11212 2   0 -1988 0   2  37   0   0
9 11224 3 -39 -5210 0   0  23   0   0
9 11312 3  -9 -2588 0   0  19   0   0
9 11324 2 -40 -5788 0   1  11   0   0
9 11412 2 -32 -5155 0   1   6   0   0
9 11424 3 -62 -7865 0   0   0  11   0
9 11512 3 -42 -5354 0  10   0  18  10
9 11524 3 -48 -6365 0  21   0  22  31
9 11612 3 -41 -5788 0   0   0  25  29
9 11624 2 -53 -6588 0   0   0  29  27
9 11712 2 -22 -4388 0   0   0  31  26
9 11724 2 -23 -4088 0   0   0  34  24
9 11812 3 -11 -3588 0   0   0  35  23
9 11824 5 -32 -6088 0   0   0  39  22
9 11912 6 -47 -8588 0   0   0  45  19
9 11924 5 -58 -8888 0   0   0  53  16
9 12012 6 -54 -8155 0   0   0  60  14
9 12024 5 -36 -4788 0  30   0  62  43
9 12112 5 -31 -4588 0  30   0  64  71
9 12124 3 -36 -5588 0   0   0  65  66
9 12212 2 -40 -6388 0   0   0  67  64
9 12224 2 -55 -7688 0   0   0  69  61
9 12312 3 -43 -7388 0   0   0  72  59
9 12324 2 -52 -6188 0   0   0  74  56
4 12412 5  -8 -5777 0   3   0  75  55
4 12424 3 -74 -7977 0   0   0  79  52
4 12512 5 -19 -7377 0   0   0  81  49
4 12524 6 -61 -6644 0   0   0  86  46
4 12612 7  -1 -6033 0   0   0  87  44
4 12624 6 -13 -1877 0  10   0  89  52
4 1271210  40 -1277 0  29   0  88  25
4 12724 6   7   277 0   0   0  89  22
4 12812 8  58   866 0   0   0  88   0
4 12824 6  13   866 0   0   0  89   0
4 12912 9  67  1466 0   5   0  68   0
