202010000  52   0 0 0   0 238   0   0
9 72724 2 174 17088 0  80 229   0   0
9 72812 1 212 15188 0   0 233   0   0
9 72824 2 137 12810 0   1 215   0   0
9 72912 6 181 11232 0   0 226   0   0
9 72924 7 147 12088 0  40 215   0   0
9 73012 8 179  9054 0  80 221   0   0
9 73024 5 129 10788 0   9 205   0   0
9 73112 4 163 10588 0   5 203   0   0
9 73124 3 161 15310 0   7 194   0   0
9 8 112 6 255 15465 0   0 209   0   0
9 8 124 1 181 18188 0  39 206   0   0
9 8 212 6 183 15188 0  50 208   0   0
9 8 224 2 165 14788 0   0 202   0   0
9 8 312 6 205 11810 0  30 219   0   0
9 8 324 3 155 13810 0   6 206   0   0
9 8 412 6 208 14765 0   6 217   0   0
9 8 424 3 164 15265 0   0 208   0   0
9 8 512 1 225 15943 0  10 226   0   0
9 8 524 3 162 15488 0 120 217   0   0
9 8 612 7 182 14388 0   5 217   0   0
9 8 624 6 158 13188 0   3 206   0   0
9 8 712 7 185 11732 0 110 218   0   0
9 8 724 4 155 14465 0  10 208   0   0
9 8 812 3 169 15988 0   1 209   0   0
9 8 824 1 144 14365 0   0 199   0   0
9 8 912 3 210 13721 0   0 217   0   0
9 8 924 1 124 11410 0   0 200   0   0
9 81012 3 203 12254 0   0 213   0   0
9 81024 2 125 11210 0   0 196   0   0
9 81112 5 190 13588 0   0 199   0   0
9 81124 2 123 10910 0   0 185   0   0
9 81212 7 229 12521 0   0 203   0   0
9 81224 3 173 11810 0   0 194   0   0
9 81312 2 234 14655 0  20 209   0   0
9 81324 1 183 18188 0   0 207   0   0
9 81412 3 246 16332 0   3 225   0   0
9 81424 2 179 17610 0   0 216   0   0
9 81512 6 283 18521 0   0 236   0   0
9 81524 3 162 14110 0   2 221   0   0
9 81612 4 220 14465 0   0 230   0   0
9 81624 1 174 15888 0   0 222   0   0
9 81712 5 267 14632 0   0 239   0   0
9 81724 3 219 15010 0   0 231   0   0
9 81812 4 312 16110 0   0 251   0   0
9 81824 1 195 18588 0   0 243   0   0
9 81912 6 306 19210 0   0 262   0   0
9 81924 3 201 18365 0   6 252   0   0
9 82012 5 242 18621 0   0 265   0   0
9 82024 1 168 16755 0   0 249   0   0
9 82112 3 236 16665 0   0 256   0   0
9 82124 4 176 15610 0   0 240   0   0
9 82212 6 192 13643 0   0 244   0   0
9 82224 4 169 14288 0   0 231   0   0
9 82312 4 208 14210 0   0 242   0   0
9 82324 2 157 13165 0   0 227   0   0
9 82412 3 216 13765 0   0 234   0   0
9 82424 4 165 13565 0  20 221   0   0
9 82512 7 200 15088 0  20 221   0   0
9 82524 8 166 15288 0  23 213   0   0
9 82612 8 173 14065 0 177 216   0   0
9 82624 1 124 12332 0   0 200   0   0
9 82712 5 210 12610 0   0 213   0   0
9 82724 5 201 12788 0   0 209   0   0
9 82812 6 209 17155 0  20 219   0   0
9 82824 3 154 14210 0   0 206   0   0
9 82912 8 230 13021 0   0 218   0   0
9 82924 4 150 14488 0  20 208   0   0
9 83012 6 201 13388 0   0 208   0   0
9 83024 3 143 14165 0  90 198   0   0
9 83112 8 164  9588 0 132 195   0   0
9 83124 2 119 10288 0   6 183   0   0
9 9 112 4 183 10121 0   0 195   0   0
9 9 124 3 150 12721 0   0 186   0   0
9 9 212 5 188 14288 0   0 189   0   0
9 9 224 3 150 12721 0   0 181   0   0
9 9 312 2 212 14965 0   0 190   0   0
9 9 324 1 164 15965 0   0 186   0   0
9 9 412 3 230 15810 0   0 201   0   0
9 9 424 1 132 13199 0   0 192   0   0
9 9 512 4 184 10465 0   0 197   0   0
9 9 524 2 158 15710 0   0 190   0   0
9 9 612 3 185 10332 0   0 200   0   0
9 9 624 4 144 12510 0   0 188   0   0
9 9 712 6 207 14710 0   0 200   0   0
9 9 724 1 146 14410 0   0 191   0   0
9 9 812 2 237 17143 0   0 203   0   0
9 9 824 1 135 13532 0   0 192   0   0
9 9 912 3 265 15610 0   0 207   0   0
9 9 924 4 180 15110 0   0 200   0   0
9 91012 6 202 16465 0   1 206   0   0
9 91024 4 180 15165 0   0 201   0   0
9 91112 6 174 12965 0   5 202   0   0
9 91124 2 124  9888 0   0 190   0   0
9 91212 6 155  7565 0   0 188   0   0
9 91224 3 128 12488 0  30 180   0   0
9 91312 3 157  8788 0   0 179   0   0
9 91324 7 131  9310 0   0 168   0   0
9 91412 8 168 14588 0   6 170   0   0
9 91424 3 154 11188 0   3 167   0   0
9 91512 5 171 11554 0   0 174   0   0
9 91524 3 119 10610 0   0 163   0   0
9 91612 7 181 13165 0   0 170   0   0
9 91624 5 155 12565 0   0 165   0   0
9 91712 4 184 13465 0   8 172   0   0
9 91724 5 147 12510 0   0 165   0   0
9 91812 7 164 10854 0  40 170   0   0
9 91824 3 107  6710 0  10 156   0   0
9 91912 8 155  7965 0   0 158   0   0
9 91924 4  93  8354 0  14 147   0   0
9 92012 6 161 11388 0  10 149   0   0
9 92024 3 117  9043 0   0 143   0   0
9 92112 3 164  6365 0   0 148   0   0
9 92124 3 118  9888 0   4 144   0   0
9 92212 5 144  7321 0  30 150   0   0
9 92224 1  57  5710 0   0 134   0   0
9 92312 6 131  7421 0   0 140   0   0
9 92324 8 105  9265 0  70 133   0   0
9 92412 7 202 16588 0  40 142   0   0
9 92424 7 136 11188 0 111 139   0   0
9 92512 8 162  9588 0  39 141   0   0
9 92524 5 131 11588 0  41 139   0   0
9 92612 7 157 10665 0   0 144   0   0
9 92624 5 128 11588 0   0 141   0   0
9 92712 6 165 12532 0  10 149   0   0
9 92724 4 117 11088 0  30 145   0   0
9 92812 7 152  9688 0   1 146   0   0
9 92824 4 133 12688 0   5 144   0   0
9 92912 7 154  8065 0   7 146   0   0
9 92924 3 114  8688 0   0 141   0   0
9 93012 8 158  8710 0   0 146   0   0
9 93024 6 129 10188 0   0 143   0   0
910 112 7 169 10988 0   0 145   0   0
910 124 7 149 13188 0  16 144   0   0
910 212 7 173 11954 0  14 150   0   0
910 224 7 142 11788 0   3 147   0   0
910 312 8 142 12088 0  39 148   0   0
910 324 5 114 10488 0   8 143   0   0
910 412 7 139  8755 0 102 145   0   0
910 424 5 117  8788 0   0 140   0   0
910 512 7 147 11388 0  80 141   0   0
910 524 1  98  9588 0  40 136   0   0
910 612 4 143  9365 0 140 139   0   0
910 624 1  51  4921 0   0 123   0   0
910 712 4 146  7021 0   0 129   0   0
910 724 1  60  6010 0   0 116   0   0
910 812 4 131  6665 0   0 119   0   0
910 824 1  40  3921 0   0 106   0   0
910 912 3 135  4732 0   0 111   0   0
910 924 1  73  6688 0   0 106   0   0
9101012 2 125  5565 0   0 109   0   0
9101024 2  43  4310 0   0  98   0   0
9101112 5 133  7910 0   0 103   0   0
9101124 4 117 11588 0   7 104   0   0
9101212 8 124 12388 0  73 108   0   0
9101224 5  92  7954 0  50 104   0   0
9101312 4 105  9888 0  50 105   0   0
9101324 5  82  7288 0 110 102   0   0
9101412 4  88  6988 0 120 101   0   0
9101424 3  84  8488 0  20  99   0   0
9101512 7 126  5288 0  20 100   0   0
9101524 6 104  8388 0   2  99   0   0
9101612 8 136  9865 0  33 104   0   0
9101624 4  96  8110 0   0 100   0   0
9101712 6 145 11788 0  20 105   0   0
9101724 3 131 12688 0   2 106   0   0
9101812 3 159 14188 0  48 110   0   0
9101824 2 134 13465 0  50 109   0   0
9101912 5 201 14743 0  40 119   0   0
9101924 3 163 14088 0   0 120   0   0
9102012 1 145 12988 0   4 123   0   0
9102024 3 130 12988 0   1 122   0   0
9102112 6 128 12888 0   8 124   0   0
9102124 2 136 13699 0   0 124   0   0
9102212 2 190 16355 0   0 130   0   0
9102224 1 142 14188 0   0 130   0   0
9102312 3 170 13488 0   0 133   0   0
9102324 2 122 11855 0   0 131   0   0
9102412 3 137 12843 0   1 133   0   0
9102424 3 114 11188 0   0 131   0   0
9102512 2 120  9488 0   0 131   0   0
9102524 2  88  5988 0   3 124   0   0
9102612 6  71   065 0   0 115   0   0
9102624 1   1 -1910 0   0  93   0   0
9102712 7  77   443 0   0  90   0   0
9102724 1  -5  -510 0   0  73   0   0
9102812 6  86  4110 0   0  75   0   0
9102824 7  76  3788 0   1  73   0   0
9102912 7  96  7888 0  13  75   0   0
9102924 4  90  8888 0  96  76   0   0
9103012 2  91  6488 0 110  77   0   0
9103024 4  67  4788 0   0  75   0   0
9103112 8 116  6310 0   0  79   0   0
9103124 7  76  4810 0   0  74   0   0
911 112 7 103  8588 0  20  78   0   0
911 124 9  74  4265 0  20  74   0   0
911 212 9  83  5088 0   0  74   0   0
911 224 6  65  4932 0  20  70   0   0
911 312 6  79  7088 0  10  71   0   0
911 324 5  64  3810 0   0  66   0   0
911 412 3  78  6188 0   1  67   0   0
911 424 6  78  5888 0  99  67   0   0
911 512 2  98  7055 0  30  70   0   0
911 524 2  31  3055 0  20  64   0   0
911 612 8 105  5255 0  20  68   0   0
911 624 5 105 10288 0  80  71   0   0
911 712 8 105  7788 0   1  74   0   0
911 724 7  97  7288 0   0  75   0   0
911 812 7 117  9154 0   2  80   0   0
911 824 3 104  6888 0   0  80   0   0
911 912 4 101  8088 0   0  82   0   0
911 924 6  88  7388 0   1  81   0   0
9111012 4 109 10888 0  19  84   0   0
9111024 3  87  8588 0  30  84   0   0
9111112 4 106  8465 0  30  86   0   0
9111124 4  64  6221 0   0  80   0   0
9111212 5  67  6488 0   0  79   0   0
9111224 6  74  7388 0   4  78   0   0
9111312 5  99  9888 0   5  81   0   0
9111324 2  97  9188 0   0  81   0   0
9111412 4 116  3610 0   0  82   0   0
9111424 2  14  1310 0   0  70   0   0
9111512 2  45  4388 0   0  68   0   0
9111524 2  45  1988 0   0  65   0   0
9111612 3  52  3188 0   0  64   0   0
9111624 4  42  2821 0   0  58   0   0
9111712 5  61  6188 0   0  59   0   0
9111724 1  86  8588 0   9  59   0   0
9111812 3 103  5110 0   0  61   0   0
9111824 1  -1  -210 0   0  50   0   0
9111912 4  51  5199 0   0  50   0   0
9111924 5  96  9588 0   0  54   0   0
9112012 7 115  8165 0   0  60   0   0
9112024 4  78  6588 0   0  60   0   0
9112112 6  69  4188 0   0  60   0   0
9112124 6  89  6632 0   9  60   0   0
9112212 7 105  6910 0   0  63   0   0
9112224 8  64  4688 0   0  62   0   0
9112312 3  81  7088 0  50  63   0   0
9112324 1  20  2099 0   0  58   0   0
9112412 3  34  3499 0   1  56   0   0
9112424 6  96  8788 0  48  59   0   0
911251214 103  3932 0  11  63   0   0
9112524 6  77  5910 0   1  60   0   0
9112612 5  99  7965 0   1  63   0   0
9112624 4  81  5588 0   5  63   0   0
9112712 4  84  5888 0   1  65   0   0
9112724 1  32  2988 0   0  61   0   0
9112812 5  90  4665 0   0  62   0   0
9112824 3  50  3088 0   9  60   0   0
9112912 5  68  1465 0   0  60   0   0
9112924 1   8   388 0   6  53   0   0
9113012 3  58  2254 0   1  53   0   0
9113024 2  33  2688 0  22  51   0   0
912 112 6  46  2865 0  17  50   0   0
912 124 6  42  2088 0  90  47   0   0
912 212 1  55  2965 0  80  48   0   0
912 224 2  25  1043 0  19  43   0   0
912 312 7  30  2188 0  50  41   0   0
912 324 5  57  2055 0   0  40   0   0
912 412 9  61  3588 0   5  42   0   0
912 424 1  18  1288 0  95  39   0   0
912 512 3  35 -1032 0   0  38   0   0
912 524 8  -1  -988 0   5  32   0   0
912 612 3  46  -788 0   5  32   0   0
912 624 9  13  -388 0   2  28   0   0
912 712 4  13   888 0 109  27   0   0
912 724 5   5 -1888 0   0  23   0   0
912 812 1  27 -2410 0   0  23   0   0
912 824 6  35  2388 0   1  23   0   0
912 912 9  79  5988 0  48  30   0   0
912 924 7  51  3154 0  61  29   0   0
9121012 7  49  1588 0  10  30   0   0
9121024 3  -3 -4410 0   0  22   0   0
9121112 1  28 -3110 0   0  21   0   0
9121124 5  13   310 0   1  17   0   0
9121212 7  51  -788 0   0  19   0   0
9121224 3  -5 -3521 0   0  13   0   0
9121312 4   4 -5688 0   0  11   0   0
9121324 3  17   588 0   0  10   0   0
9121412 7  55  2943 0   0  14   0   0
9121424 9  92  5688 0 105  22   0   0
9121512 8  88  5988 0   1  29   0   0
9121524 6  80  6688 0   7  33   0   0
9121612 6  73  5988 0  20  36   0   0
9121624 4  61  5165 0   3  36   0   0
9121712 5  74  6588 0  31  39   0   0
9121724 4  45  4054 0   0  38   0   0
9121812 3  73  6288 0  13  40   0   0
9121824 1  47  4688 0  10  39   0   0
9121912 2  63  5488 0   0  41   0   0
9121924 5  30  2254 0   0  37   0   0
9122012 8  33  1288 0   3  36   0   0
9122024 5  30  2588 0  67  35   0   0
9122112 3  87  7688 0  10  38   0   0
9122124 5  80  6688 0   2  40   0   0
9122212 5  73  6688 0  10  43   0   0
912222410 113 10788 0 210  52   0   0
912231210 121 10088 0  80  61   0   0
9122324 6  99  7765 0   0  63   0   0
9122412 8 113  9754 0  17  68   0   0
9122424 6  98  8588 0  10  70   0   0
9122512 7 100  7454 0  87  72   0   0
9122524 7  82  5365 0  43  71   0   0
9122612 9  84  5288 0  10  71   0   0
912262410  98  7588 0  30  73   0   0
9122712 6  85  6243 0   0  73   0   0
9122724 2  50  3788 0  24  70   0   0
9122812 6  70  5288 0   1  70   0   0
9122824 7 103  9288 0  20  72   0   0
9122912 9 113  7510 0   0  75   0   0
912292410  91  6088 0   2  75   0   0
912301210  80  4554 0  20  74   0   0
912302410  92  6788 0   0  74   0   0
912311210  98  6588 0   0  76   0   0
912312410  89  7488 0  48  76   0   0
9 1 112 6  77  4243 0 100  75   0   0
9 1 124 4  59  3955 0   0  71   0   0
9 1 212 5  79  4965 0   0  71   0   0
9 1 224 6  82  7888 0   5  72   0   0
9 1 312 6 110  9688 0   5  75   0   0
9 1 324 4  99  9188 0   0  76   0   0
9 1 412 5 101  8588 0   4  78   0   0
9 1 424 2  82  7188 0   4  77   0   0
9 1 512 4  80  7388 0   0  78   0   0
9 1 524 3  88  7888 0   1  78   0   0
9 1 612 3 102  8254 0   0  79   0   0
9 1 624 4  71  7188 0   0  78   0   0
9 1 712 6  80  6688 0   1  78   0   0
9 1 724 6  61  5188 0   2  75   0   0
9 1 812 7  82  6388 0   0  75   0   0
9 1 824 5  71  6088 0   0  74   0   0
9 1 912 4  73  6988 0  32  74   0   0
9 1 924 2  35  2265 0   0  68   0   0
9 11012 4  84  4265 0   0  68   0   0
9 11024 6  22  1288 0  10  61   0   0
9 11112 2  37 -2665 0   0  57   0   0
9 11124 1   7 -3588 0   0  49   0   0
9 11212 5  29 -5121 0   0  45   0   0
9 11224 5 -20 -4410 0   0  31   0   0
9 11312 5   0 -5021 0   0  26   0   0
9 11324 2 -34 -4810 0   0  15   0   0
9 11412 3 -12 -6488 0   0  11   0   0
9 11424 8 -26 -3199 0   7   6   0   0
9 11512 4 -26 -4088 0   8   2   0   0
9 11524 1 -79 -9010 0   1   0  28   0
9 11612 2 -16 -7710 0   0   0  31   0
9 11624 1 -97-10299 0   0   0  55   0
9 11712 1 -55 -6888 0   0   0  64   0
9 11724 1 -58 -6388 0   0   0  75   0
9 11812 5  -6 -3688 0   0   0  76   0
9 11824 7 -19 -5188 0   0   0  81   0
9 11912 7 -35 -6988 0   0   0  87   0
9 11924 7 -51 -8688 0   0   0  97   0
9 12012 9 -48 -7865 0   0   0 105   0
9 12024 4 -16 -2288 0   2   0 108   2
9 12112 3  -3 -1188 0   7   0 109   8
9 12124 4 -21 -3888 0   0   0 112   8
9 12212 4 -18 -4510 0   0   0 117   7
9 12224 1 -74 -8288 0   0   0 125   6
9 12312 3 -42 -6688 0   0   0 130   5
9 12324 5 -36 -6488 0   0   0 136   3
4 12412 5   4 -4177 0   3   0 137   4
4 12424 3 -62 -7377 0   0   0 146   1
4 12512 5  -7 -7377 0   0   0 149   0
4 12524 7 -49 -6044 0   0   0 157   0
4 12612 7  11 -6033 0   0   0 156   0
4 12624 7  -1 -1277 0  10   0 157  10
4 1271211  52 -1277 0  29   0 157   0
4 12724 6  19   877 0   0   0 155   0
4 12812 8  70   866 0   0   0 136   0
4 12824 6  25  1466 0   0   0 134   0
4 1291210  79  1466 0   5   0 108   0
